(282, 65)
(283, 64)
(283, 64)
(285, 63)
(285, 63)
(285, 63)
(285, 64)
(284, 63)
(285, 63)
(285, 63)
(286, 63)
(286, 63)
(284, 63)
(285, 63)
(285, 63)
(285, 62)
(284, 63)
(285, 63)
(284, 63)
(284, 63)
(284, 62)
(284, 62)
(284, 63)
(283, 62)
(281, 64)
(284, 63)
(284, 63)
(285, 63)
(-1, -1)
(285, 63)
(285, 62)
(-1, -1)
(285, 63)
(427, 50)
(427, 50)
(282, 64)
(285, 63)
(285, 63)
(284, 64)
(283, 64)
(-1, -1)
(282, 62)
(283, 65)
(283, 64)
(284, 64)
(285, 64)
(285, 64)
(427, 50)
(284, 62)
(284, 63)
(-1, -1)
(284, 64)
(281, 63)
(427, 50)
(-1, -1)
(284, 63)
(284, 63)
(-1, -1)
(283, 63)
(284, 63)
(284, 63)
(283, 62)
(284, 63)
(284, 63)
(284, 62)
(284, 63)
(284, 63)
(-1, -1)
(284, 63)
(-1, -1)
(284, 63)
(427, 50)
(-1, -1)
(284, 62)
(284, 62)
(284, 62)
(284, 63)
(283, 63)
(283, 62)
(284, 63)
(283, 62)
(284, 63)
(-1, -1)
(-1, -1)
(-1, -1)
(281, 65)
(284, 63)
(282, 63)
(281, 64)
(281, 64)
(281, 65)
(281, 63)
(438, 52)
(282, 64)
(-1, -1)
(-1, -1)
(437, 52)
(427, 50)
(282, 64)
(282, 64)
(427, 51)
(283, 65)
(282, 64)
(284, 63)
(281, 64)
(284, 62)
(281, 63)
(284, 63)
(283, 62)
(284, 63)
(281, 64)
(281, 63)
(284, 63)
(283, 63)
(-1, -1)
(282, 64)
(282, 65)
(281, 64)
(283, 64)
(427, 51)
(-1, -1)
(282, 64)
(282, 64)
(-1, -1)
(285, 63)
(285, 63)
(285, 62)
(286, 63)
(285, 63)
(284, 63)
(285, 63)
(-1, -1)
(283, 63)
(285, 64)
(284, 63)
(284, 63)
(284, 63)
(-1, -1)
(284, 63)
(283, 63)
(435, 52)
(-1, -1)
(284, 63)
(284, 63)
(282, 63)
(282, 63)
(-1, -1)
(281, 65)
(-1, -1)
(-1, -1)
(282, 64)
(281, 64)
(435, 52)
(-1, -1)
(284, 63)
(284, 63)
(427, 50)
(-1, -1)
(427, 50)
(-1, -1)
(285, 63)
(285, 64)
(284, 63)
(281, 64)
(286, 63)
(283, 64)
(283, 64)
(281, 64)
(282, 64)
(282, 64)
(281, 64)
(281, 63)
(-1, -1)
(437, 52)
(284, 63)
(282, 63)
(-1, -1)
(284, 63)
(282, 64)
(285, 64)
(-1, -1)
(284, 63)
(282, 64)
(283, 62)
(282, 62)
(282, 63)
(283, 64)
(283, 64)
(283, 63)
(281, 63)
(283, 64)
(281, 65)
(281, 63)
(281, 64)
(282, 64)
(427, 50)
(-1, -1)
(427, 50)
(281, 64)
(436, 52)
(282, 63)
(282, 64)
(-1, -1)
(283, 65)
(282, 65)
(282, 65)
(282, 65)
(281, 64)
(282, 64)
(-1, -1)
(281, 64)
(-1, -1)
(282, 65)
(283, 64)
(-1, -1)
(-1, -1)
(282, 64)
(281, 64)
(-1, -1)
(282, 65)
(282, 65)
(282, 65)
(281, 64)
(281, 64)
(286, 63)
(285, 63)
(285, 63)
(285, 63)
(284, 63)
(284, 63)
(284, 63)
(-1, -1)
(283, 62)
(282, 64)
(282, 64)
(281, 63)
(281, 63)
(-1, -1)
(-1, -1)
(282, 64)
(282, 65)
(281, 65)
(282, 64)
(281, 64)
(282, 64)
(-1, -1)
(282, 64)
(281, 64)
(282, 64)
(281, 65)
(282, 65)
(282, 64)
(282, 64)
(283, 64)
(282, 64)
(-1, -1)
(427, 50)
(281, 63)
(427, 50)
(283, 64)
(282, 64)
(281, 64)
(283, 64)
(427, 50)
(285, 64)
(284, 63)
(-1, -1)
(284, 63)
(284, 63)
(284, 63)
(284, 64)
(285, 63)
(284, 63)
(284, 63)
(282, 64)
(-1, -1)
(281, 64)
(283, 64)
(-1, -1)
(427, 50)
(-1, -1)
(-1, -1)
(282, 63)
(282, 62)
(285, 63)
(427, 50)
(284, 63)
(-1, -1)
(-1, -1)
(-1, -1)
(284, 63)
(284, 63)
(284, 63)
(281, 64)
(282, 64)
(283, 64)
(281, 64)
(282, 65)
(-1, -1)
(282, 64)
(281, 63)
(282, 65)
(282, 65)
(282, 65)
(281, 63)
(284, 65)
(-1, -1)
(437, 52)
(-1, -1)
(-1, -1)
(-1, -1)
(283, 63)
(282, 62)
(427, 50)
(284, 63)
(285, 63)
(284, 63)
(284, 63)
(285, 63)
(284, 63)
(284, 63)
(285, 63)
(-1, -1)
(281, 63)
(282, 64)
(281, 63)
(282, 64)
(283, 62)
(283, 62)
(282, 64)
(282, 64)
(281, 64)
(286, 63)
(282, 63)
(284, 63)
(284, 63)
(281, 65)
(285, 64)
(427, 50)
(282, 64)
(-1, -1)
(-1, -1)
(284, 63)
(284, 63)
(284, 63)
(427, 50)
(427, 50)
(285, 63)
(436, 52)
(426, 51)
(285, 63)
(286, 63)
(-1, -1)
(285, 63)
(285, 63)
(285, 63)
(-1, -1)
(284, 63)
(-1, -1)
(285, 63)
(283, 63)
(427, 50)
(-1, -1)
(436, 51)
(427, 50)
(282, 63)
(281, 63)
(435, 52)
(281, 63)
(427, 50)
(283, 64)
(-1, -1)
(283, 64)
(281, 63)
(284, 63)
(284, 63)
(284, 63)
(286, 63)
(284, 63)
(-1, -1)
(285, 63)
(285, 62)
(-1, -1)
(427, 50)
(427, 50)
(438, 52)
(284, 63)
(-1, -1)
(-1, -1)
(284, 63)
(438, 52)
(286, 63)
(284, 63)
(438, 52)
(284, 63)
(284, 63)
(437, 52)
(284, 63)
(-1, -1)
(284, 63)
(284, 63)
(285, 63)
(284, 63)
(284, 63)
(284, 62)
(427, 50)
(284, 63)
(427, 50)
(285, 63)
(-1, -1)
(284, 63)
(283, 62)
(282, 64)
(281, 64)
(283, 64)
(284, 63)
(282, 64)
(282, 64)
(281, 64)
(427, 50)
(284, 63)
(427, 50)
(281, 63)
(285, 63)
(281, 63)
(285, 62)
(427, 50)
(285, 62)
(283, 62)
(427, 50)
(285, 63)
(285, 63)
(285, 63)
(283, 64)
(-1, -1)
(284, 63)
(284, 63)
(284, 63)
(281, 64)
(281, 64)
(283, 65)
(-1, -1)
(284, 63)
(284, 63)
(437, 52)
(-1, -1)
(285, 63)
(285, 63)
(436, 52)
(-1, -1)
(283, 63)
(285, 63)
(436, 52)
(285, 63)
(285, 63)
(284, 63)
(427, 50)
(427, 50)
(284, 64)
(283, 62)
(284, 63)
(-1, -1)
(427, 50)
(281, 63)
(283, 63)
(283, 62)
(284, 63)
(284, 63)
(284, 64)
(284, 62)
(285, 63)
(285, 63)
(285, 63)
(282, 63)
(284, 62)
(438, 52)
(284, 63)
(284, 63)
(284, 63)
(284, 63)
(284, 63)
(436, 52)
(-1, -1)
(284, 63)
(284, 63)
(284, 63)
(284, 63)
(284, 63)
(284, 63)
(284, 63)
(283, 63)
(283, 63)
(284, 63)
(-1, -1)
(-1, -1)
(281, 64)
(283, 62)
(282, 65)
(284, 63)
(284, 62)
(282, 63)
(282, 63)
(282, 63)
(281, 64)
(283, 63)
(281, 64)
(-1, -1)
(283, 62)
(284, 63)
(427, 50)
(285, 63)
(437, 52)
(281, 64)
(283, 62)
(285, 63)
(283, 62)
(283, 62)
(283, 62)
(-1, -1)
(-1, -1)
(284, 63)
(284, 63)
(284, 63)
(285, 63)
(284, 63)
(284, 63)
(284, 63)
(283, 63)
(284, 63)
(284, 63)
(284, 63)
(284, 63)
(284, 63)
(284, 63)
(284, 63)
(284, 63)
(284, 63)
(283, 64)
(284, 63)
(284, 63)
(284, 63)
(284, 64)
(-1, -1)
(-1, -1)
(284, 63)
(284, 63)
(438, 52)
(283, 63)
(436, 52)
(284, 63)
(-1, -1)
(283, 62)
(284, 62)
(285, 63)
(436, 52)
(282, 64)
(282, 64)
(282, 64)
(282, 65)
(282, 65)
(281, 64)
(282, 63)
(437, 52)
(283, 64)
(284, 63)
(-1, -1)
(-1, -1)
(285, 63)
(284, 63)
(284, 63)
(-1, -1)
(-1, -1)
(-1, -1)
(-1, -1)
(436, 52)
(284, 63)
(284, 63)
(-1, -1)
(427, 50)
(284, 63)
(283, 63)
(283, 63)
(283, 63)
(284, 64)
(282, 65)
(283, 64)
(-1, -1)
(-1, -1)
(427, 50)
(282, 64)
(-1, -1)
(-1, -1)
(282, 65)
(282, 65)
(285, 63)
(284, 63)
(283, 63)
(284, 63)
(284, 63)
(427, 50)
(427, 51)
(284, 62)
(427, 50)
(283, 63)
(438, 52)
(427, 50)
(284, 63)
(284, 63)
(283, 63)
(-1, -1)
(285, 63)
(438, 52)
(286, 63)
(438, 52)
(438, 52)
(283, 63)
(-1, -1)
(-1, -1)
(285, 63)
(285, 63)
(284, 63)
(284, 63)
(284, 63)
(282, 63)
(284, 63)
(-1, -1)
(283, 62)
(281, 63)
(284, 62)
(284, 63)
(284, 63)
(285, 63)
(-1, -1)
(284, 63)
(283, 64)
(286, 63)
(286, 63)
(285, 63)
(284, 63)
(427, 50)
(285, 63)
(285, 63)
(284, 63)
(284, 63)
(-1, -1)
(-1, -1)
(427, 50)
(281, 65)
(284, 63)
(284, 63)
(281, 64)
(-1, -1)
(281, 65)
(282, 63)
(281, 63)
(284, 62)
(282, 63)
(281, 63)
(282, 63)
(283, 64)
(282, 63)
(281, 63)
(281, 64)
(-1, -1)
(-1, -1)
(284, 63)
(427, 50)
(283, 63)
(283, 63)
(436, 52)
(284, 63)
(284, 63)
(284, 63)
(284, 63)
(283, 64)
(281, 64)
(281, 64)
(283, 65)
(-1, -1)
(-1, -1)
(427, 51)
(438, 52)
(283, 64)
(281, 64)
(284, 63)
(284, 63)
(284, 63)
(-1, -1)
(-1, -1)
(438, 52)
(-1, -1)
(284, 62)
(435, 52)
(283, 61)
(-1, -1)
(284, 62)
(427, 50)
(282, 63)
(283, 62)
(282, 63)
(281, 64)
(283, 65)
(283, 63)
(281, 63)
(282, 63)
(283, 63)
(282, 63)
(281, 65)
(285, 63)
(283, 64)
(284, 63)
(281, 64)
(281, 64)
(281, 64)
(281, 63)
(282, 64)
(281, 64)
(-1, -1)
(427, 51)
(-1, -1)
(283, 64)
(284, 63)
(282, 65)
(283, 64)
(-1, -1)
(285, 63)
(284, 63)
(285, 63)
(285, 63)
(285, 63)
(438, 52)
(286, 64)
(283, 64)
(284, 63)
(285, 63)
(285, 64)
(-1, -1)
(285, 63)
(-1, -1)
(285, 63)
(285, 63)
(-1, -1)
(285, 63)
(284, 63)
(283, 63)
(285, 63)
(285, 63)
(284, 63)
(285, 64)
(-1, -1)
(-1, -1)
(283, 62)
(284, 63)
(285, 63)
(284, 63)
(284, 63)
(286, 62)
(-1, -1)
(286, 62)
(284, 63)
(-1, -1)
(-1, -1)
(284, 63)
(284, 63)
(284, 63)
(284, 63)
(284, 63)
(283, 64)
(284, 63)
(-1, -1)
(281, 64)
(-1, -1)
(284, 63)
(284, 63)
(284, 63)
(-1, -1)
(-1, -1)
(284, 62)
(285, 62)
(284, 62)
(284, 63)
(284, 62)
(284, 63)
(283, 63)
(283, 61)
(284, 62)
(283, 63)
(283, 63)
(284, 63)
(283, 63)
(284, 63)
(284, 64)
(284, 62)
(-1, -1)
(-1, -1)
(284, 63)
(-1, -1)
(-1, -1)
(-1, -1)
(-1, -1)
(-1, -1)
(437, 52)
(285, 63)
(284, 63)
(283, 64)
(438, 52)
(282, 64)
(282, 64)
(427, 50)
(427, 50)
(282, 65)
(281, 64)
(427, 50)
(282, 64)
(-1, -1)
(427, 50)
(285, 63)
(284, 62)
(284, 62)
(284, 63)
(284, 63)
(284, 63)
(284, 63)
(-1, -1)
(284, 63)
(284, 63)
(284, 63)
(437, 52)
(284, 62)
(-1, -1)
(437, 52)
(283, 63)
(-1, -1)
(-1, -1)
(282, 64)
(285, 63)
(286, 63)
(285, 63)
(285, 63)
(285, 63)
(282, 64)
(284, 63)
(427, 50)
(286, 64)
(282, 64)
(281, 65)
(281, 64)
(-1, -1)
(-1, -1)
(282, 63)
(283, 64)
(281, 63)
(282, 63)
(282, 63)
(285, 63)
(284, 63)
(284, 63)
(284, 62)
(284, 63)
(-1, -1)
(284, 63)
(284, 63)
(284, 63)
(427, 50)
(285, 63)
(-1, -1)
(285, 63)
(438, 52)
(285, 63)
(285, 63)
(286, 63)
(427, 50)
(284, 63)
(286, 63)
(285, 63)
(285, 63)
(-1, -1)
(-1, -1)
(284, 63)
(284, 63)
(285, 63)
(284, 63)
(284, 63)
(-1, -1)
(427, 50)
(427, 50)
(284, 63)
(284, 63)
(-1, -1)
(437, 52)
(284, 63)
(285, 63)
(284, 63)
(284, 63)
(282, 65)
(283, 64)
(282, 65)
(281, 65)
(282, 64)
(-1, -1)
(427, 51)
(282, 64)
(282, 64)
(-1, -1)
(284, 63)
(284, 63)
(-1, -1)
(-1, -1)
(281, 63)
(284, 63)
(438, 52)
(-1, -1)
(284, 63)
(436, 52)
(437, 52)
(-1, -1)
(282, 62)
(282, 63)
(-1, -1)
(282, 62)
(282, 64)
(283, 63)
(283, 64)
(282, 62)
(282, 63)
(285, 63)
(285, 63)
(284, 63)
(427, 50)
(-1, -1)
(283, 64)
(-1, -1)
(427, 51)
(427, 50)
(-1, -1)
(436, 51)
(284, 63)
(-1, -1)
(438, 52)
(283, 62)
(284, 63)
(-1, -1)
(-1, -1)
(284, 63)
(283, 62)
(-1, -1)
(-1, -1)
(436, 52)
(-1, -1)
(284, 63)
(-1, -1)
(-1, -1)
(-1, -1)
(284, 63)
(-1, -1)
(283, 64)
(284, 63)
(283, 64)
(282, 64)
(283, 65)
(283, 65)
(281, 64)
(-1, -1)
(281, 65)
(-1, -1)
(-1, -1)
(284, 63)
(438, 52)
(-1, -1)
(286, 63)
(282, 63)
(282, 64)
(286, 63)
(284, 63)
(284, 63)
(427, 50)
(284, 63)
(282, 64)
(282, 62)
(282, 64)
(284, 64)
(-1, -1)
(283, 64)
(284, 63)
(283, 64)
(284, 63)
(-1, -1)
(285, 63)
(285, 63)
(286, 61)
(284, 63)
(285, 63)
(285, 63)
(285, 63)
(285, 63)
(285, 63)
(-1, -1)
(285, 63)
(-1, -1)
(285, 63)
(285, 63)
(283, 62)
(284, 63)
(285, 63)
(437, 52)
(437, 52)
(437, 52)
(281, 64)
(437, 52)
(-1, -1)
(285, 64)
(283, 64)
(283, 64)
(285, 63)
(286, 63)
(284, 63)
(285, 63)
(-1, -1)
(-1, -1)
(437, 52)
(285, 63)
(-1, -1)
(284, 63)
(284, 63)
(284, 63)
(284, 63)
(284, 63)
(437, 52)
(-1, -1)
(284, 63)
(284, 63)
(438, 52)
(435, 52)
(-1, -1)
(436, 51)
(284, 64)
(-1, -1)
(284, 62)
(-1, -1)
(281, 64)
(284, 63)
(282, 64)
(284, 63)
(285, 64)
(284, 63)
(284, 62)
(284, 62)
(284, 63)
(284, 63)
(283, 62)
(284, 63)
(285, 63)
(-1, -1)
(-1, -1)
(284, 63)
(-1, -1)
(284, 63)
(-1, -1)
(437, 52)
(285, 63)
(284, 63)
(285, 63)
(283, 62)
(283, 62)
(281, 63)
(281, 63)
(281, 63)
(281, 64)
(281, 64)
(283, 64)
(-1, -1)
(-1, -1)
(-1, -1)
(-1, -1)
(284, 63)
(284, 63)
(284, 63)
(-1, -1)
(285, 63)
(285, 63)
(284, 63)
(284, 63)
(284, 63)
(284, 63)
(435, 52)
(283, 64)
(281, 64)
(283, 64)
(283, 64)
(284, 62)
(283, 65)
(-1, -1)
(283, 64)
(282, 63)
(283, 64)
(285, 63)
(282, 63)
(283, 64)
(282, 65)
(283, 65)
(282, 65)
(427, 50)
(427, 50)
(281, 64)
(284, 63)
(438, 52)
(-1, -1)
(284, 63)
(-1, -1)
(427, 50)
(-1, -1)
(284, 63)
(284, 63)
(-1, -1)
(-1, -1)
(-1, -1)
(-1, -1)
(283, 63)
(285, 63)
(285, 63)
(284, 63)
(437, 52)
(-1, -1)
(281, 65)
(438, 52)
(282, 65)
(282, 65)
(282, 65)
(-1, -1)
(283, 65)
(-1, -1)
(-1, -1)
(437, 52)
(284, 63)
(438, 52)
(284, 63)
(284, 63)
(-1, -1)
(437, 51)
(285, 64)
(-1, -1)
(284, 63)
(283, 63)
(284, 61)
(283, 62)
(-1, -1)
(-1, -1)
(281, 63)
(435, 52)
(284, 63)
(284, 63)
(-1, -1)
(284, 63)
(-1, -1)
(284, 63)
(284, 63)
(283, 63)
(281, 64)
(284, 63)
(285, 62)
(284, 63)
(284, 63)
(284, 63)
(284, 63)
(284, 63)
(285, 63)
(427, 50)
(284, 63)
(283, 62)
(284, 63)
(284, 63)
(283, 62)
(283, 62)
(282, 63)
(283, 63)
(282, 63)
(283, 63)
(285, 62)
(284, 62)
(-1, -1)
(-1, -1)
(283, 64)
(281, 64)
(284, 63)
(284, 63)
(284, 63)
(284, 63)
(284, 63)
(-1, -1)
(284, 63)
(284, 63)
(284, 62)
(-1, -1)
(-1, -1)
(-1, -1)
(427, 50)
(427, 50)
(427, 50)
(284, 63)
(-1, -1)
(-1, -1)
(436, 52)
(286, 63)
(427, 51)
(281, 64)
(281, 64)
(281, 64)
(281, 64)
(282, 64)
(281, 65)
(281, 65)
(-1, -1)
(438, 52)
(284, 63)
(284, 63)
(284, 63)
(-1, -1)
(437, 52)
(436, 52)
(285, 63)
(285, 63)
(285, 63)
(284, 63)
(286, 63)
(427, 50)
(427, 51)
(285, 63)
(-1, -1)
(-1, -1)
(283, 63)
(284, 64)
(-1, -1)
(-1, -1)
(-1, -1)
(427, 50)
(284, 63)
(284, 63)
(284, 63)
(284, 63)
(284, 63)
(427, 50)
(285, 63)
(284, 63)
(281, 64)
(282, 64)
(-1, -1)
(281, 65)
(427, 50)
(-1, -1)
(281, 63)
(427, 50)
(438, 52)
(-1, -1)
(284, 63)
(285, 63)
(284, 63)
(285, 63)
(285, 63)
(427, 51)
(427, 50)
(427, 50)
(-1, -1)
(-1, -1)
(-1, -1)
(-1, -1)
(283, 64)
(283, 64)
(283, 64)
(283, 64)
(282, 65)
(283, 63)
(-1, -1)
(283, 65)
(283, 64)
(282, 65)
(-1, -1)
(282, 65)
(282, 65)
(282, 65)
(282, 63)
(282, 62)
(281, 65)
(281, 65)
(-1, -1)
(284, 63)
(427, 50)
(284, 63)
(-1, -1)
(284, 63)
(284, 63)
(427, 50)
(285, 63)
(285, 63)
(-1, -1)
(282, 64)
(436, 52)
(282, 64)
(282, 63)
(-1, -1)
(283, 64)
(427, 50)
(282, 64)
(284, 63)
(286, 63)
(-1, -1)
(283, 63)
(286, 63)
(286, 63)
(286, 63)
(281, 64)
(286, 64)
(427, 50)
(282, 64)
(285, 63)
(286, 63)
(285, 63)
(285, 63)
(286, 63)
(285, 63)
(285, 63)
(286, 63)
(284, 63)
(-1, -1)
(-1, -1)
(285, 63)
(-1, -1)
(284, 63)
(284, 63)
(285, 63)
(-1, -1)
(-1, -1)
(438, 52)
(285, 63)
(282, 65)
(-1, -1)
(-1, -1)
(282, 64)
(-1, -1)
(-1, -1)
(427, 50)
(-1, -1)
(427, 50)
(284, 63)
(284, 63)
(284, 63)
(285, 63)
(427, 50)
(-1, -1)
(284, 62)
(284, 63)
(427, 50)
(285, 62)
(284, 63)
(427, 50)
(426, 51)
(283, 63)
(284, 63)
(284, 63)
(284, 63)
(284, 63)
(284, 63)
(284, 63)
(284, 63)
(284, 63)
(284, 63)
(284, 63)
(284, 63)
(-1, -1)
(436, 51)
(284, 63)
(284, 62)
(437, 52)
(284, 63)
(284, 63)
(-1, -1)
(283, 63)
(284, 63)
(-1, -1)
(284, 62)
(-1, -1)
(-1, -1)
(284, 63)
(-1, -1)
(284, 63)
(-1, -1)
(284, 63)
(-1, -1)
(284, 63)
(284, 63)
(-1, -1)
(286, 63)
(-1, -1)
(284, 63)
(282, 65)
(281, 64)
(281, 64)
(281, 63)
(281, 64)
(282, 64)
(281, 65)
(282, 65)
(282, 65)
(282, 65)
(285, 64)
(284, 63)
(285, 63)
(427, 50)
(-1, -1)
(427, 50)
(284, 63)
(281, 64)
(284, 63)
(284, 63)
(284, 63)
(-1, -1)
(284, 63)
(427, 50)
(284, 63)
(284, 63)
(283, 63)
(-1, -1)
(284, 63)
(283, 63)
(427, 50)
(284, 63)
(282, 64)
(284, 63)
(283, 64)
(436, 52)
(281, 64)
(283, 64)
(283, 64)
(281, 64)
(284, 63)
(283, 64)
(284, 63)
(283, 62)
(-1, -1)
(284, 63)
(285, 63)
(427, 50)
(427, 50)
(283, 62)
(283, 62)
(-1, -1)
(427, 50)
(-1, -1)
(-1, -1)
(285, 62)
(285, 63)
(284, 63)
(285, 63)
(284, 63)
(285, 62)
(284, 61)
(285, 63)
(285, 63)
(286, 63)
(284, 63)
(285, 63)
(285, 63)
(-1, -1)
(286, 63)
(-1, -1)
(-1, -1)
(285, 63)
(-1, -1)
(-1, -1)
(-1, -1)
(-1, -1)
(285, 63)
(285, 63)
(285, 63)
(285, 63)
(283, 65)
(281, 64)
(285, 62)
(281, 64)
(282, 64)
(283, 64)
(283, 65)
(-1, -1)
(281, 63)
(427, 50)
(-1, -1)
(-1, -1)
(-1, -1)
(284, 63)
(-1, -1)
(285, 63)
(427, 50)
(427, 50)
(285, 63)
(285, 63)
(284, 63)
(-1, -1)
(-1, -1)
(284, 63)
(-1, -1)
(284, 63)
(285, 63)
(284, 63)
(284, 63)
(427, 51)
(427, 50)
(284, 63)
(-1, -1)
(285, 64)
(281, 63)
(281, 63)
(-1, -1)
(-1, -1)
(-1, -1)
(284, 63)
(284, 63)
(285, 62)
(285, 63)
(284, 63)
(284, 63)
(284, 63)
(284, 63)
(-1, -1)
(284, 63)
(-1, -1)
(282, 64)
(438, 52)
(-1, -1)
(284, 64)
(283, 64)
(427, 51)
(438, 52)
(-1, -1)
(282, 62)
(-1, -1)
(427, 50)
(-1, -1)
(-1, -1)
(-1, -1)
(-1, -1)
(438, 52)
(438, 52)
(-1, -1)
(284, 63)
(-1, -1)
(-1, -1)
(-1, -1)
(283, 62)
(-1, -1)
(-1, -1)
(-1, -1)
(281, 63)
(-1, -1)
(284, 63)
(284, 63)
(-1, -1)
(-1, -1)
(-1, -1)
(282, 62)
(284, 63)
(284, 63)
(284, 63)
(427, 50)
(-1, -1)
(427, 50)
(284, 62)
(284, 63)
(284, 63)
(427, 50)
(283, 62)
(285, 63)
(285, 63)
(284, 63)
(427, 50)
(427, 50)
(-1, -1)
(284, 63)
(285, 64)
(427, 50)
(286, 63)
(284, 63)
(286, 63)
(284, 63)
(284, 63)
(284, 63)
(285, 63)
(285, 63)
(284, 63)
(284, 63)
(284, 63)
(283, 62)
(284, 63)
(285, 63)
(286, 63)
(284, 63)
(284, 63)
(428, 50)
(284, 63)
(286, 63)
(286, 62)
(438, 52)
(284, 63)
(285, 63)
(284, 62)
(282, 64)
(282, 64)
(438, 52)
(283, 64)
(283, 64)
(283, 64)
(282, 64)
(284, 64)
(-1, -1)
(282, 65)
(286, 63)
(285, 63)
(285, 64)
(284, 63)
(285, 63)
(286, 62)
(284, 63)
(-1, -1)
(284, 63)
(284, 63)
(282, 65)
(282, 63)
(-1, -1)
(282, 64)
(282, 63)
(-1, -1)
(283, 63)
(282, 63)
(281, 65)
(-1, -1)
(-1, -1)
(283, 64)
(284, 63)
(283, 64)
(-1, -1)
(282, 64)
(-1, -1)
(283, 65)
(281, 65)
(283, 62)
(284, 63)
(284, 63)
(283, 62)
(285, 63)
(284, 61)
(427, 50)
(427, 50)
(286, 62)
(427, 50)
(285, 63)
(427, 50)
(286, 63)
(285, 63)
(285, 63)
(285, 63)
(427, 51)
(286, 63)
(285, 63)
(427, 50)
(427, 50)
(284, 64)
(284, 64)
(-1, -1)
(285, 63)
(-1, -1)
(435, 52)
(285, 63)
(285, 63)
(-1, -1)
(-1, -1)
(-1, -1)
(284, 63)
(283, 62)
(284, 62)
(284, 62)
(284, 63)
(283, 62)
(284, 63)
(285, 63)
(283, 62)
(281, 63)
(438, 52)
(281, 63)
(281, 63)
(283, 64)
(282, 63)
(281, 64)
(283, 65)
(282, 65)
(282, 65)
(285, 63)
(286, 63)
(286, 63)
(427, 51)
(284, 63)
(284, 63)
(427, 51)
(284, 64)
(284, 64)
(427, 50)
(283, 64)
(-1, -1)
(282, 64)
(281, 63)
(281, 63)
(-1, -1)
(436, 52)
(-1, -1)
(284, 64)
(427, 50)
(286, 63)
(427, 50)
(-1, -1)
(285, 63)
(285, 63)
(286, 63)
(285, 63)
(285, 63)
(285, 63)
(284, 63)
(284, 63)
(285, 63)
(284, 63)
(285, 62)
(284, 63)
(438, 52)
(438, 51)
(284, 64)
(438, 52)
(284, 63)
(284, 63)
(284, 63)
(284, 63)
(-1, -1)
(-1, -1)
(-1, -1)
(-1, -1)
(437, 52)
(438, 52)
(284, 63)
(-1, -1)
(-1, -1)
(-1, -1)
(284, 63)
(284, 63)
(-1, -1)
(-1, -1)
(284, 63)
(-1, -1)
(281, 64)
(281, 64)
(427, 50)
(435, 52)
(281, 64)
(281, 63)
(282, 62)
(-1, -1)
(427, 50)
(282, 64)
(427, 50)
(285, 63)
(437, 52)
(285, 63)
(-1, -1)
(285, 63)
(285, 64)
(285, 63)
(284, 63)
(284, 63)
(284, 63)
(284, 63)
(-1, -1)
(284, 63)
(284, 63)
(284, 63)
(284, 63)
(284, 63)
(284, 63)
(284, 63)
(-1, -1)
(284, 63)
(284, 63)
(286, 63)
(285, 63)
(285, 63)
(285, 63)
(285, 63)
(285, 64)
(285, 63)
(284, 63)
(282, 63)
(281, 63)
(281, 63)
(282, 64)
(282, 65)
(427, 50)
(281, 65)
(283, 64)
(427, 50)
(-1, -1)
(-1, -1)
(285, 64)
(283, 64)
(285, 63)
(284, 63)
(-1, -1)
(282, 64)
(427, 50)
(283, 64)
(427, 50)
(427, 50)
(-1, -1)
(281, 65)
(282, 64)
(-1, -1)
(282, 64)
(283, 64)
(281, 63)
(282, 64)
(427, 50)
(285, 63)
(427, 50)
(427, 50)
(427, 50)
(285, 63)
(285, 63)
(-1, -1)
(438, 52)
(285, 64)
(427, 50)
(285, 63)
(285, 63)
(285, 63)
(285, 63)
(438, 52)
(284, 63)
(438, 52)
(284, 63)
(284, 63)
(284, 63)
(284, 63)
(284, 63)
(284, 63)
(-1, -1)
(284, 63)
(284, 63)
(285, 64)
(284, 63)
(438, 52)
(283, 63)
(284, 63)
(284, 63)
(285, 63)
(285, 63)
(284, 63)
(285, 63)
(284, 63)
(283, 63)
(284, 63)
(285, 63)
(285, 63)
(286, 63)
(285, 64)
(285, 63)
(285, 63)
(286, 63)
(285, 63)
(284, 63)
(285, 63)
(285, 63)
(286, 63)
(284, 63)
(284, 63)
(284, 63)
(284, 63)
(-1, -1)
(-1, -1)
(-1, -1)
(284, 63)
(284, 63)
(-1, -1)
(-1, -1)
(285, 63)
(284, 62)
(284, 63)
(427, 50)
(284, 61)
(282, 63)
(284, 62)
(438, 52)
(281, 63)
(-1, -1)
(281, 64)
(281, 63)
(-1, -1)
(282, 63)
(281, 63)
(281, 63)
(284, 63)
(282, 65)
(-1, -1)
(285, 63)
(284, 63)
(284, 63)
(285, 63)
(285, 63)
(285, 63)
(284, 62)
(285, 63)
(285, 63)
(-1, -1)
(285, 63)
(285, 63)
(285, 63)
(284, 63)
(-1, -1)
(285, 63)
(284, 63)
(286, 62)
(285, 63)
(284, 63)
(-1, -1)
(284, 63)
(284, 63)
(285, 63)
(285, 63)
(285, 63)
(285, 63)
(285, 63)
(285, 63)
(285, 63)
(285, 63)
(284, 63)
(286, 63)
(285, 63)
(285, 63)
(285, 63)
(285, 63)
(-1, -1)
(284, 63)
(285, 63)
(-1, -1)
(285, 63)
(-1, -1)
(-1, -1)
(427, 50)
(286, 63)
(285, 63)
(285, 63)
(285, 63)
(285, 63)
(285, 63)
(285, 63)
(-1, -1)
(-1, -1)
(-1, -1)
(-1, -1)
(284, 63)
(-1, -1)
(-1, -1)
(-1, -1)
(-1, -1)
(-1, -1)
(-1, -1)
(-1, -1)
(284, 63)
(285, 63)
(284, 63)
(284, 63)
(284, 63)
(282, 63)
(282, 63)
(281, 64)
(-1, -1)
(281, 63)
(283, 65)
(283, 64)
(284, 63)
(281, 64)
(281, 64)
(284, 63)
(284, 63)
(284, 63)
(284, 63)
(285, 63)
(-1, -1)
(286, 63)
(427, 50)
(285, 63)
(285, 63)
(-1, -1)
(283, 64)
(438, 52)
(282, 64)
(285, 64)
(285, 64)
(281, 65)
(-1, -1)
(-1, -1)
(282, 64)
(283, 64)
(285, 64)
(285, 63)
(437, 52)
(437, 52)
(282, 65)
(-1, -1)
(-1, -1)
(427, 50)
(283, 64)
(427, 50)
(285, 63)
(285, 62)
(437, 52)
(427, 51)
(285, 64)
(285, 63)
(436, 51)
(286, 63)
(285, 63)
(-1, -1)
(285, 63)
(285, 63)
(437, 52)
(285, 63)
(-1, -1)
(283, 62)
(-1, -1)
(284, 63)
(284, 62)
(-1, -1)
(283, 62)
(-1, -1)
(427, 50)
(-1, -1)
(285, 64)
(284, 63)
(284, 63)
(284, 63)
(284, 63)
(281, 64)
(281, 65)
(-1, -1)
(-1, -1)
(-1, -1)
(281, 65)
(427, 50)
(281, 64)
(427, 51)
(282, 65)
(282, 65)
(282, 64)
(281, 65)
(283, 63)
(427, 50)
(282, 63)
(283, 64)
(284, 64)
(283, 64)
(283, 64)
(283, 63)
(284, 63)
(427, 50)
(284, 63)
(437, 52)
(284, 63)
(436, 52)
(285, 63)
(-1, -1)
(-1, -1)
(-1, -1)
(284, 63)
(284, 63)
(284, 64)
(284, 63)
(286, 62)
(284, 63)
(283, 64)
(-1, -1)
(-1, -1)
(281, 63)
(283, 64)
(282, 63)
(284, 63)
(281, 64)
(282, 64)
(-1, -1)
(282, 64)
(-1, -1)
(427, 50)
(427, 51)
(282, 64)
(438, 52)
(282, 64)
(281, 64)
(281, 64)
(281, 64)
(281, 64)
(282, 65)
(285, 64)
(284, 63)
(284, 63)
(284, 62)
(437, 52)
(284, 62)
(284, 63)
(283, 62)
(284, 63)
(284, 63)
(-1, -1)
(283, 62)
(284, 63)
(285, 63)
(285, 63)
(285, 63)
(427, 50)
(285, 63)
(285, 63)
(285, 63)
(285, 63)
(427, 51)
(283, 64)
(283, 64)
(281, 65)
(-1, -1)
(-1, -1)
(-1, -1)
(-1, -1)
(427, 50)
(284, 64)
(-1, -1)
(-1, -1)
(284, 63)
(285, 63)
(285, 63)
(284, 63)
(284, 63)
(284, 63)
(284, 63)
(427, 51)
(285, 63)
(284, 63)
(437, 52)
(285, 64)
(284, 63)
(284, 63)
(284, 63)
(-1, -1)
(284, 63)
(-1, -1)
(-1, -1)
(284, 63)
(437, 52)
(284, 63)
(-1, -1)
(-1, -1)
(-1, -1)
(284, 63)
(-1, -1)
(282, 63)
(-1, -1)
(281, 64)
(427, 51)
(282, 64)
(-1, -1)
(427, 50)
(283, 64)
(281, 63)
(284, 63)
(281, 63)
(286, 64)
(284, 63)
(-1, -1)
(-1, -1)
(284, 62)
(438, 52)
(427, 50)
(-1, -1)
(427, 50)
(427, 50)
(438, 52)
(284, 63)
(284, 63)
(-1, -1)
(284, 62)
(284, 62)
(284, 62)
(284, 63)
(-1, -1)
(284, 61)
(282, 63)
(284, 62)
(284, 63)
(281, 63)
(-1, -1)
(283, 62)
(283, 62)
(284, 63)
(284, 63)
(284, 64)
(284, 63)
(284, 63)
(284, 64)
(284, 63)
(284, 63)
(283, 62)
(284, 63)
(284, 62)
(427, 50)
(284, 62)
(284, 63)
(285, 63)
(-1, -1)
(285, 62)
(284, 61)
(285, 63)
(285, 63)
(-1, -1)
(437, 52)
(427, 50)
(427, 50)
(284, 63)
(285, 63)
(284, 63)
(285, 62)
(427, 50)
(283, 62)
(285, 63)
(285, 63)
(284, 63)
(285, 63)
(-1, -1)
(284, 64)
(286, 63)
(282, 62)
(282, 63)
(427, 50)
(-1, -1)
(282, 62)
(284, 62)
(284, 62)
(284, 63)
(285, 63)
(287, 64)
(285, 63)
(285, 63)
(283, 63)
(284, 63)
(284, 62)
(284, 64)
(284, 63)
(284, 61)
(284, 62)
(284, 62)
(427, 50)
(283, 62)
(427, 51)
(284, 62)
(285, 62)
(284, 62)
(-1, -1)
(284, 63)
(-1, -1)
(-1, -1)
(427, 50)
(284, 63)
(436, 52)
(-1, -1)
(-1, -1)
(-1, -1)
(-1, -1)
(-1, -1)
(-1, -1)
(-1, -1)
(-1, -1)
(-1, -1)
(434, 71)
(-1, -1)
(436, 52)
(285, 63)
(-1, -1)
(-1, -1)
(-1, -1)
(284, 63)
(287, 64)
(533, 15)
(337, 88)
(344, 89)
(-1, -1)
(-1, -1)
(532, 69)
(-1, -1)
(-1, -1)
(-1, -1)
(-1, -1)
(-1, -1)
(-1, -1)
(-1, -1)
(-1, -1)
(-1, -1)
(-1, -1)
(-1, -1)
(-1, -1)
(-1, -1)
(-1, -1)
(-1, -1)
(-1, -1)
(-1, -1)
(-1, -1)
(-1, -1)
(528, 75)
(528, 76)
(528, 75)
(528, 75)
(529, 73)
(528, 75)
(348, 87)
(557, 19)
(-1, -1)
(-1, -1)
(585, 17)
(591, 95)
(593, 97)
(-1, -1)
(-1, -1)
(-1, -1)
(-1, -1)
(-1, -1)
(-1, -1)
(-1, -1)
(586, 146)
(591, 146)
(-1, -1)
(593, 60)
(-1, -1)
(590, 137)
(587, 100)
(588, 94)
(591, 84)
(579, 123)
(585, 113)
(588, 111)
(588, 107)
(585, 113)
(-1, -1)
(584, 129)
(-1, -1)
(583, 128)
(-1, -1)
(-1, -1)
(-1, -1)
(586, 125)
(-1, -1)
(-1, -1)
(-1, -1)
(-1, -1)
(-1, -1)
(-1, -1)
(-1, -1)
(-1, -1)
(-1, -1)
(-1, -1)
(587, 128)
(-1, -1)
(-1, -1)
(-1, -1)
(-1, -1)
(-1, -1)
(-1, -1)
(-1, -1)
(-1, -1)
(587, 129)
(587, 128)
(-1, -1)
(-1, -1)
(-1, -1)
(-1, -1)
(587, 128)
(-1, -1)
(585, 129)
(-1, -1)
(-1, -1)
(-1, -1)
(-1, -1)
(-1, -1)
(-1, -1)
(-1, -1)
(587, 129)
(-1, -1)
(-1, -1)
(-1, -1)
(-1, -1)
(-1, -1)
(-1, -1)
(-1, -1)
(-1, -1)
(-1, -1)
(-1, -1)
(588, 126)
(-1, -1)
(-1, -1)
(-1, -1)
(-1, -1)
(-1, -1)
(-1, -1)
(-1, -1)
(-1, -1)
(-1, -1)
(-1, -1)
(-1, -1)
(-1, -1)
(-1, -1)
(-1, -1)
(-1, -1)
(-1, -1)
(-1, -1)
(-1, -1)
(-1, -1)
(-1, -1)
(-1, -1)
(-1, -1)
(-1, -1)
(-1, -1)
(-1, -1)
(-1, -1)
(-1, -1)
(-1, -1)
(-1, -1)
(-1, -1)
(-1, -1)
(-1, -1)
(588, 127)
(-1, -1)
(-1, -1)
(-1, -1)
(-1, -1)
(-1, -1)
(-1, -1)
(-1, -1)
(-1, -1)
(-1, -1)
(-1, -1)
(-1, -1)
(-1, -1)
(-1, -1)
(-1, -1)
(-1, -1)
(-1, -1)
(-1, -1)
(-1, -1)
(-1, -1)
(-1, -1)
(-1, -1)
(588, 127)
(-1, -1)
(-1, -1)
(-1, -1)
(-1, -1)
(-1, -1)
(-1, -1)
(-1, -1)
(-1, -1)
(-1, -1)
(-1, -1)
(-1, -1)
(-1, -1)
(-1, -1)
(-1, -1)
(-1, -1)
(-1, -1)
(-1, -1)
(-1, -1)
(-1, -1)
(-1, -1)
(586, 129)
(-1, -1)
(-1, -1)
(-1, -1)
(-1, -1)
(-1, -1)
(-1, -1)
(-1, -1)
(-1, -1)
(-1, -1)
(-1, -1)
(-1, -1)
(-1, -1)
(-1, -1)
(-1, -1)
(-1, -1)
(-1, -1)
(-1, -1)
(-1, -1)
(588, 127)
(-1, -1)
(-1, -1)
(-1, -1)
(-1, -1)
(-1, -1)
(-1, -1)
(584, 107)
(-1, -1)
(593, 129)
(590, 105)
(593, 91)
(-1, -1)
(-1, -1)
(-1, -1)
(-1, -1)
(-1, -1)
(-1, -1)
(-1, -1)
(-1, -1)
(-1, -1)
(-1, -1)
(-1, -1)
(-1, -1)
(-1, -1)
(-1, -1)
(-1, -1)
(-1, -1)
(-1, -1)
(-1, -1)
(-1, -1)
(-1, -1)
(-1, -1)
(-1, -1)
(-1, -1)
(-1, -1)
(-1, -1)
(-1, -1)
(-1, -1)
(-1, -1)
(-1, -1)
(-1, -1)
(-1, -1)
(-1, -1)
(-1, -1)
(-1, -1)
(-1, -1)
(-1, -1)
(-1, -1)
(-1, -1)
(-1, -1)
(-1, -1)
(-1, -1)
(-1, -1)
(-1, -1)
(-1, -1)
(-1, -1)
(-1, -1)
(-1, -1)
(-1, -1)
(-1, -1)
(-1, -1)
(-1, -1)
(-1, -1)
(-1, -1)
(-1, -1)
(-1, -1)
(-1, -1)
(-1, -1)
(-1, -1)
(-1, -1)
(-1, -1)
(-1, -1)
(-1, -1)
(-1, -1)
(-1, -1)
(-1, -1)
(-1, -1)
(-1, -1)
(-1, -1)
(-1, -1)
(-1, -1)
(-1, -1)
(-1, -1)
(-1, -1)
(-1, -1)
(-1, -1)
(-1, -1)
(-1, -1)
(-1, -1)
(-1, -1)
(-1, -1)
(-1, -1)
(-1, -1)
(-1, -1)
(-1, -1)
(-1, -1)
(-1, -1)
(-1, -1)
(-1, -1)
(-1, -1)
(-1, -1)
(-1, -1)
(-1, -1)
(-1, -1)
(-1, -1)
(-1, -1)
(-1, -1)
(-1, -1)
(-1, -1)
(-1, -1)
(-1, -1)
(-1, -1)
(-1, -1)
(-1, -1)
(-1, -1)
(-1, -1)
(-1, -1)
(-1, -1)
(-1, -1)
(-1, -1)
(-1, -1)
(-1, -1)
(-1, -1)
(-1, -1)
(-1, -1)
(-1, -1)
(-1, -1)
(-1, -1)
(-1, -1)
(-1, -1)
(-1, -1)
(-1, -1)
(-1, -1)
(-1, -1)
(-1, -1)
(-1, -1)
(-1, -1)
(-1, -1)
(-1, -1)
(-1, -1)
(-1, -1)
(-1, -1)
(-1, -1)
(-1, -1)
(-1, -1)
(-1, -1)
(-1, -1)
(-1, -1)
(-1, -1)
(-1, -1)
(-1, -1)
(-1, -1)
(-1, -1)
(-1, -1)
(-1, -1)
(-1, -1)
(-1, -1)
(-1, -1)
(-1, -1)
(-1, -1)
(-1, -1)
(-1, -1)
(-1, -1)
(-1, -1)
(-1, -1)
(-1, -1)
(-1, -1)
(-1, -1)
(-1, -1)
(-1, -1)
(-1, -1)
(-1, -1)
(-1, -1)
(-1, -1)
(-1, -1)
(-1, -1)
(-1, -1)
(-1, -1)
(-1, -1)
(-1, -1)
(-1, -1)
(-1, -1)
(-1, -1)
(-1, -1)
(-1, -1)
(-1, -1)
(-1, -1)
(-1, -1)
(-1, -1)
(-1, -1)
(557, 28)
(558, 83)
(-1, -1)
(-1, -1)
(-1, -1)
(-1, -1)
(-1, -1)
(-1, -1)
(-1, -1)
(509, 135)
(509, 135)
(-1, -1)
(-1, -1)
(-1, -1)
(542, 89)
(557, 116)
(-1, -1)
(-1, -1)
(366, 7)
(-1, -1)
(-1, -1)
(-1, -1)
(-1, -1)
(-1, -1)
(-1, -1)
(-1, -1)
(-1, -1)
(-1, -1)
(-1, -1)
(-1, -1)
(-1, -1)
(-1, -1)
(-1, -1)
(-1, -1)
(-1, -1)
(-1, -1)
(-1, -1)
(-1, -1)
(-1, -1)
(-1, -1)
(-1, -1)
(-1, -1)
(164, 177)
(-1, -1)
(-1, -1)
(-1, -1)
(304, 25)
(-1, -1)
(-1, -1)
(-1, -1)
(-1, -1)
(-1, -1)
(588, 84)
(581, 73)
(-1, -1)
(-1, -1)
(-1, -1)
(-1, -1)
(-1, -1)
(-1, -1)
(-1, -1)
(558, 133)
(558, 129)
(558, 50)
(558, 51)
(558, 77)
(558, 84)
(557, 84)
(557, 84)
(558, 84)
(557, 86)
(558, 51)
(558, 49)
(558, 52)
(558, 52)
(557, 126)
(557, 125)
(-1, -1)
(-1, -1)
(-1, -1)
(-1, -1)
(-1, -1)
(-1, -1)
(-1, -1)
(-1, -1)
(-1, -1)
(-1, -1)
(-1, -1)
(-1, -1)
(-1, -1)
(-1, -1)
(-1, -1)
(-1, -1)
(-1, -1)
(-1, -1)
(-1, -1)
(-1, -1)
(-1, -1)
(-1, -1)
(-1, -1)
(-1, -1)
(-1, -1)
(-1, -1)
(-1, -1)
(-1, -1)
(-1, -1)
(-1, -1)
(-1, -1)
(-1, -1)
(-1, -1)
(558, 115)
(557, 95)
(-1, -1)
(-1, -1)
(-1, -1)
(-1, -1)
(-1, -1)
(-1, -1)
(-1, -1)
(-1, -1)
(-1, -1)
(-1, -1)
(244, 25)
(244, 25)
(-1, -1)
(-1, -1)
(-1, -1)
(-1, -1)
(-1, -1)
(-1, -1)
(-1, -1)
(-1, -1)
(-1, -1)
(-1, -1)
(-1, -1)
(-1, -1)
(-1, -1)
(-1, -1)
(-1, -1)
(-1, -1)
(-1, -1)
(-1, -1)
(-1, -1)
(-1, -1)
(-1, -1)
(-1, -1)
(-1, -1)
(-1, -1)
(-1, -1)
(-1, -1)
(-1, -1)
(-1, -1)
(-1, -1)
(-1, -1)
(-1, -1)
(-1, -1)
(-1, -1)
(-1, -1)
(-1, -1)
(-1, -1)
(-1, -1)
(-1, -1)
(-1, -1)
(-1, -1)
(-1, -1)
(-1, -1)
(-1, -1)
(-1, -1)
(542, 89)
(-1, -1)
(557, 99)
(-1, -1)
(-1, -1)
(581, 136)
(-1, -1)
(-1, -1)
(-1, -1)
(-1, -1)
(-1, -1)
(-1, -1)
(-1, -1)
(-1, -1)
(-1, -1)
(-1, -1)
(-1, -1)
(-1, -1)
(-1, -1)
(-1, -1)
(-1, -1)
(-1, -1)
(-1, -1)
(-1, -1)
(-1, -1)
(-1, -1)
(-1, -1)
(-1, -1)
(-1, -1)
(-1, -1)
(-1, -1)
(-1, -1)
(-1, -1)
(-1, -1)
(-1, -1)
(-1, -1)
(-1, -1)
(-1, -1)
(137, 177)
(-1, -1)
(-1, -1)
(-1, -1)
(-1, -1)
(-1, -1)
(-1, -1)
(-1, -1)
(-1, -1)
(-1, -1)
(-1, -1)
(-1, -1)
(-1, -1)
(-1, -1)
(-1, -1)
(-1, -1)
(-1, -1)
(-1, -1)
(-1, -1)
(-1, -1)
(-1, -1)
(-1, -1)
(-1, -1)
(-1, -1)
(-1, -1)
(-1, -1)
(-1, -1)
(-1, -1)
(-1, -1)
(-1, -1)
(-1, -1)
(-1, -1)
(-1, -1)
(-1, -1)
(-1, -1)
(-1, -1)
(-1, -1)
(-1, -1)
(-1, -1)
(-1, -1)
(-1, -1)
(-1, -1)
(-1, -1)
(-1, -1)
(-1, -1)
(-1, -1)
(543, 88)
(-1, -1)
(-1, -1)
(-1, -1)
(-1, -1)
(-1, -1)
(-1, -1)
(-1, -1)
(-1, -1)
(-1, -1)
(-1, -1)
(-1, -1)
(-1, -1)
(-1, -1)
(-1, -1)
(-1, -1)
(-1, -1)
(-1, -1)
(-1, -1)
(-1, -1)
(-1, -1)
(-1, -1)
(-1, -1)
(-1, -1)
(-1, -1)
(-1, -1)
(-1, -1)
(-1, -1)
(-1, -1)
(-1, -1)
(-1, -1)
(-1, -1)
(-1, -1)
(-1, -1)
(-1, -1)
(-1, -1)
(-1, -1)
(-1, -1)
(-1, -1)
(-1, -1)
(593, 160)
(593, 65)
(591, 104)
(593, 78)
(593, 121)
(593, 115)
(593, 99)
(593, 89)
(-1, -1)
(412, 75)
(585, 149)
(593, 39)
(593, 26)
(593, 76)
(593, 57)
(594, 92)
(593, 19)
(586, 27)
(465, 146)
(485, 99)
(557, 48)
(-1, -1)
(534, 68)
(-1, -1)
(-1, -1)
(593, 79)
(-1, -1)
(-1, -1)
(557, 75)
(557, 74)
(-1, -1)
(-1, -1)
(557, 75)
(557, 74)
(557, 77)
(557, 78)
(557, 86)
(557, 85)
(557, 87)
(593, 38)
(593, 38)
(593, 38)
(593, 37)
(593, 38)
(594, 39)
(557, 76)
(593, 38)
(593, 36)
(593, 38)
(593, 38)
(557, 84)
(557, 84)
(593, 38)
(593, 37)
(557, 84)
(557, 76)
(594, 36)
(593, 38)
(557, 84)
(557, 84)
(594, 39)
(593, 38)
(557, 88)
(594, 38)
(557, 86)
(557, 86)
(557, 86)
(557, 86)
(557, 86)
(557, 86)
(557, 85)
(557, 85)
(593, 38)
(594, 36)
(557, 86)
(557, 86)
(593, 39)
(557, 86)
(593, 38)
(593, 38)
(557, 86)
(593, 38)
(557, 86)
(593, 38)
(593, 38)
(593, 38)
(593, 38)
(593, 37)
(593, 38)
(557, 86)
(593, 38)
(593, 38)
(557, 86)
(557, 86)
(557, 86)
(593, 38)
(557, 86)
(593, 39)
(557, 86)
(593, 39)
(593, 39)
(557, 86)
(557, 86)
(557, 85)
(557, 86)
(557, 86)
(557, 86)
(593, 39)
(593, 38)
(593, 38)
(557, 86)
(557, 86)
(593, 39)
(557, 86)
(557, 86)
(557, 86)
(593, 38)
(557, 84)
(594, 36)
(594, 37)
(593, 39)
(593, 38)
(557, 86)
(593, 38)
(593, 38)
(557, 86)
(593, 38)
(557, 86)
(557, 86)
(557, 86)
(557, 86)
(594, 36)
(593, 39)
(593, 39)
(593, 39)
(557, 86)
(593, 39)
(557, 86)
(557, 86)
(557, 86)
(557, 86)
(557, 86)
(557, 86)
(557, 86)
(593, 38)
(593, 38)
(593, 38)
(593, 37)
(593, 38)
(593, 39)
(557, 86)
(557, 88)
(593, 38)
(593, 39)
(593, 39)
(593, 38)
(593, 39)
(593, 39)
(593, 38)
(557, 86)
(593, 38)
(557, 86)
(593, 38)
(557, 85)
(557, 86)
(593, 38)
(557, 86)
(593, 38)
(557, 86)
(557, 86)
(557, 86)
(557, 86)
(593, 37)
(594, 36)
(557, 86)
(593, 37)
(593, 38)
(557, 86)
(593, 38)
(557, 86)
(593, 38)
(557, 84)
(593, 38)
(593, 38)
(593, 38)
(557, 86)
(593, 38)
(593, 38)
(593, 37)
(593, 38)
(593, 38)
(557, 86)
(557, 86)
(557, 86)
(557, 86)
(557, 86)
(557, 86)
(557, 86)
(557, 85)
(557, 86)
(557, 86)
(557, 86)
(557, 86)
(557, 85)
(557, 86)
(557, 86)
(593, 39)
(557, 86)
(594, 38)
(557, 86)
(557, 86)
(557, 86)
(557, 86)
(557, 86)
(557, 86)
(557, 86)
(593, 38)
(593, 38)
(557, 85)
(557, 85)
(557, 86)
(593, 36)
(557, 86)
(557, 85)
(557, 78)
(557, 78)
(557, 75)
(557, 75)
(-1, -1)
(557, 77)
(557, 76)
(557, 84)
(557, 80)
(557, 79)
(557, 79)
(593, 35)
(591, 35)
(592, 38)
(557, 77)
(-1, -1)
(583, 44)
(-1, -1)
(-1, -1)
(-1, -1)
(576, 37)
(592, 100)
(592, 100)
(593, 87)
(590, 93)
(586, 86)
(584, 89)
(580, 8)
(-1, -1)
(583, 11)
(583, 9)
(-1, -1)
(-1, -1)
(355, 87)
(-1, -1)
(-1, -1)
(-1, -1)
(-1, -1)
(557, 48)
(-1, -1)
(-1, -1)
(-1, -1)
(-1, -1)
(-1, -1)
(-1, -1)
(-1, -1)
(-1, -1)
(-1, -1)
(-1, -1)
(-1, -1)
(-1, -1)
(-1, -1)
(-1, -1)
(-1, -1)
(-1, -1)
(-1, -1)
(-1, -1)
(-1, -1)
(-1, -1)
(-1, -1)
(-1, -1)
(-1, -1)
(-1, -1)
(-1, -1)
(-1, -1)
(-1, -1)
(-1, -1)
(-1, -1)
(-1, -1)
(-1, -1)
(-1, -1)
(578, 15)
(578, 15)
(578, 15)
(-1, -1)
(-1, -1)
(-1, -1)
(577, 16)
(578, 16)
(-1, -1)
(578, 16)
(-1, -1)
(-1, -1)
(-1, -1)
(-1, -1)
(578, 16)
(578, 16)
(-1, -1)
(-1, -1)
(-1, -1)
(578, 16)
(578, 15)
(-1, -1)
(-1, -1)
(-1, -1)
(-1, -1)
(-1, -1)
(-1, -1)
(-1, -1)
(-1, -1)
(-1, -1)
(-1, -1)
(-1, -1)
(-1, -1)
(-1, -1)
(-1, -1)
(-1, -1)
(578, 15)
(578, 15)
(578, 14)
(578, 15)
(578, 16)
(578, 15)
(578, 15)
(578, 15)
(578, 15)
(-1, -1)
(-1, -1)
(578, 15)
(578, 15)
(578, 15)
(-1, -1)
(578, 15)
(-1, -1)
(-1, -1)
(578, 15)
(-1, -1)
(-1, -1)
(578, 15)
(578, 15)
(579, 15)
(578, 15)
(-1, -1)
(578, 15)
(579, 15)
(579, 15)
(-1, -1)
(-1, -1)
(-1, -1)
(-1, -1)
(579, 14)
(-1, -1)
(-1, -1)
(-1, -1)
(-1, -1)
(-1, -1)
(-1, -1)
(579, 15)
(-1, -1)
(-1, -1)
(-1, -1)
(581, 13)
(-1, -1)
(579, 16)
(579, 15)
(-1, -1)
(-1, -1)
(-1, -1)
(579, 16)
(579, 15)
(579, 15)
(581, 10)
(579, 15)
(-1, -1)
(579, 15)
(579, 15)
(579, 14)
(579, 14)
(-1, -1)
(-1, -1)
(579, 15)
(579, 15)
(579, 14)
(-1, -1)
(-1, -1)
(579, 15)
(579, 14)
(-1, -1)
(579, 15)
(-1, -1)
(-1, -1)
(-1, -1)
(579, 15)
(-1, -1)
(579, 15)
(-1, -1)
(579, 15)
(-1, -1)
(-1, -1)
(-1, -1)
(-1, -1)
(579, 15)
(-1, -1)
(-1, -1)
(-1, -1)
(-1, -1)
(579, 15)
(-1, -1)
(-1, -1)
(-1, -1)
(-1, -1)
(-1, -1)
(-1, -1)
(579, 14)
(-1, -1)
(579, 14)
(-1, -1)
(-1, -1)
(579, 16)
(579, 16)
(579, 16)
(579, 15)
(579, 15)
(-1, -1)
(577, 16)
(577, 29)
(-1, -1)
(-1, -1)
(579, 14)
(-1, -1)
(579, 14)
(579, 14)
(579, 14)
(579, 15)
(579, 15)
(579, 14)
(-1, -1)
(-1, -1)
(-1, -1)
(-1, -1)
(-1, -1)
(-1, -1)
(-1, -1)
(-1, -1)
(-1, -1)
(-1, -1)
(-1, -1)
(-1, -1)
(579, 15)
(-1, -1)
(-1, -1)
(-1, -1)
(-1, -1)
(-1, -1)
(579, 15)
(579, 15)
(579, 15)
(579, 15)
(579, 14)
(577, 16)
(-1, -1)
(577, 16)
(577, 16)
(-1, -1)
(-1, -1)
(-1, -1)
(-1, -1)
(-1, -1)
(-1, -1)
(-1, -1)
(-1, -1)
(-1, -1)
(-1, -1)
(-1, -1)
(-1, -1)
(-1, -1)
(-1, -1)
(-1, -1)
(-1, -1)
(-1, -1)
(-1, -1)
(-1, -1)
(579, 14)
(-1, -1)
(-1, -1)
(-1, -1)
(579, 14)
(-1, -1)
(579, 15)
(579, 15)
(-1, -1)
(-1, -1)
(-1, -1)
(-1, -1)
(-1, -1)
(-1, -1)
(-1, -1)
(-1, -1)
(-1, -1)
(579, 15)
(-1, -1)
(-1, -1)
(-1, -1)
(-1, -1)
(579, 14)
(-1, -1)
(-1, -1)
(579, 15)
(-1, -1)
(-1, -1)
(-1, -1)
(-1, -1)
(579, 15)
(579, 15)
(579, 14)
(-1, -1)
(-1, -1)
(-1, -1)
(-1, -1)
(-1, -1)
(-1, -1)
(-1, -1)
(-1, -1)
(-1, -1)
(579, 14)
(-1, -1)
(579, 15)
(579, 15)
(579, 14)
(579, 14)
(579, 15)
(-1, -1)
(-1, -1)
(579, 14)
(579, 15)
(-1, -1)
(579, 15)
(-1, -1)
(579, 15)
(579, 15)
(579, 16)
(-1, -1)
(579, 15)
(-1, -1)
(-1, -1)
(-1, -1)
(577, 16)
(-1, -1)
(-1, -1)
(-1, -1)
(-1, -1)
(579, 14)
(-1, -1)
(580, 14)
(-1, -1)
(579, 14)
(579, 15)
(-1, -1)
(-1, -1)
(579, 14)
(-1, -1)
(-1, -1)
(-1, -1)
(-1, -1)
(-1, -1)
(-1, -1)
(579, 14)
(579, 14)
(-1, -1)
(-1, -1)
(579, 15)
(579, 14)
(-1, -1)
(-1, -1)
(-1, -1)
(-1, -1)
(-1, -1)
(579, 15)
(579, 15)
(-1, -1)
(-1, -1)
(579, 15)
(-1, -1)
(579, 15)
(-1, -1)
(579, 15)
(579, 15)
(-1, -1)
(579, 15)
(579, 15)
(-1, -1)
(579, 15)
(579, 15)
(579, 15)
(-1, -1)
(579, 15)
(-1, -1)
(-1, -1)
(579, 15)
(579, 15)
(579, 15)
(-1, -1)
(-1, -1)
(-1, -1)
(-1, -1)
(-1, -1)
(579, 15)
(579, 15)
(-1, -1)
(-1, -1)
(-1, -1)
(-1, -1)
(579, 15)
(579, 15)
(-1, -1)
(579, 15)
(-1, -1)
(579, 15)
(577, 16)
(579, 15)
(579, 15)
(577, 16)
(581, 14)
(-1, -1)
